계정과목  	제2(당)기   	제 1(전)기 
		금액		금액
(2)재고자산 	10,752,000	768,000
원재료(원자재) 	10,752,000	768,000
Ⅱ비유동자산 	37,226,066	37,226,066
(1)투자자산	0		0
(2)유형자산	27,136,066	27,146,066
구축물 		3,500,000		3,500,000
구축물감가상각누계액175,000		175,000
기계장비		27,890,000	27,890,000
기계장비감가상각누계액4,841,334  23,048,666  4,841,334  23,048,666
집기비품		953,000		953,000
집기비품감가상각누계액 190,600  762,400  190,600  762,400
(3)무형자산		     0		   0
(4)기타비유동자산    10,090,000	10,090,000
보증금		10,090,000	10,090,000
자산 총계		146,002,051 	76,277,362
(부채)
Ⅰ.유동 부채	55,168,736	18,571,420
외상매입금	10,962,600	4,204,200
미지급금 		27,627,311	3,239,667
카드 미지급금	9,605,775		407,350
혜수금(국민연금)	351,000		58,500
혜수금(의료보험)	468,720		78,120
혜수금(고용보험)	81,000		13,500
부가세 예수금	6,827,905		3,488,740
가수금		-755,575		7,081,343
Ⅱ. 고정 부채	0		0
Ⅲ. 이연부채	0		0
부채 총계		55,168,736	18,571,420
(자본)
Ⅰ. 자본금		30,000,000	30,000,000
    인출금		30,000,000	30,000,000
Ⅱ. 자본금 잉여금	0		0	
Ⅲ. 자본 조정	0		0
Ⅳ. 기타포괄손익누계0		0
Ⅴ. 이익잉여금	60,833,315	27,705,942
    차기이월이익잉여금 60,833,315	27,705,942
자본총계		90,833,315	57,705,942
부채와 자본 총계	146,002,051	76,277,362