재무상태표
제 15기 말 2015년 12월 31일 현재
제 14기 말 2014년 12월 31일 현재
제 13기 말 2013년 12월 31일 현재
주식회사 신한금융지주회사	(단위:백만원)
과목		제15기말 		제14기말		제13기말
자산
Ⅰ. 현금 및 예치금 	500,815		120,790		385
Ⅱ.단기매매금융자산	 517,597		69,338		520,116
Ⅲ.대출채권	1,234,622		1,337,063		1,337,083
Ⅳ.유형자산	768		1,029		1,159
Ⅴ.무형자산	4,383		6,093		6,508
Ⅵ.종속기업에 대한 투자자산  25,203,159  25,203,159	25,261,909
Ⅶ.이연법인세자산	4,596		3,421		2,331
Ⅷ.기타자산	209,547		27,094,548	27,424,645
자산 총계		27,675,487	27,094,548	27,424,645

부채
Ⅰ.차입부채	5,000		7,500		7,500
Ⅱ.사채		6,642,830		6,451,436		7,098,797
Ⅲ.확정급여부채	3,855		4,502		2,981
Ⅳ.기타부채	242,816		395,991		340,895
부채 총계		6,894,501		6,859,429		7,450,173

자본
Ⅰ.자본금		2,645,053		2,645,053		2,645,053
Ⅱ.신종자본증권	736,898		537,443		537,443
Ⅲ.자본잉여금	9,494,842		9,494,842		9,494,842	
Ⅳ.기타포괄손익누계액 -4,501		-4,788		-2,919
Ⅴ.이익잉여금	7,908,694		7,562,569		7,300,053
자본 총계		20,780,966	20,235,119	19,974,472
부채와 자본총계	27,675,487	27,094,548	27,424,645